[app/ui]
version = 6.2.5
modtime = 1441907406.776714000

[app/launcher]
version = 6.2.5
modtime = 1441907406.778606000
